2
2
1
2
23
15
15
15
15
16
21
16
17
17
27
14
14
14
15
8
2
9
2
9
9
2
18
13
14
14
14
15
15
16
26
14
15
14
17
16
16
15
14
14
14
15
9
8
3
9
2
9
2
11
11
11
27
21
9
8
2
13
13
13
13
14
15
14
14
13
16
13
15
15
15
15
15
13
14
14
8
2
13
8
1
8
2
10
11
11
11
8
1
8
1
8
2
11
11
11
11
21
11
12
11
13
9
2
8
2
9
2
8
1
8
2
8
2
8
2
12
12
12
13
16
19
15
15
15
14
14
15
15
15
15
15
14
14
13
11
8
2
8
2
9
2
10
10
11
10
8
2
8
2
8
2
10
11
11
10
14
13
13
13
10
10
11
11
12
11
12
24
21
24
14
14
14
9
10
10
9
10
11
11
9
15
13
13
13
13
9
10
11
11
12
11
19
15
14
15
15
12
11
11
11
13
12
12
12
29
16
16
16
15
11
11
12
11
11
11
11
11
15
15
16
12
12
10
13
12
10
10
10
11
11
11
11
7
2
8
2
8
2
7
1
9
11
8
2
12
13
12
12
15
14
14
14
14
14
13
16
15
